-0.0320005
-0.0320005
-0.0240015
-0.0240015
0.888002
0.888
0.904
-0.0320005
-0.0320005
-0.0240005
-4.17233e-07
-4.17233e-07
-0.0240005
-0.0400005
-0.0400005
-0.00800043
0.968001
-5.96046e-08
-0.00800103
-0.0160003
-0.0320004
-5.96046e-08
-5.96046e-08
-5.96046e-08
-0.00800008
-0.0160001
0
0
0
0
-5.96046e-08
0
0.944
0
-0.00800079
0
0
-0.0080002
0
0
0
0
0
-0.00800145
0
0
0
0
0.872
0
-5.96046e-07
0
0
-5.96046e-08
0
-5.96046e-08
0
-0.0320006
0
0
0
0
0
0
0.928
0
0.584
0
0
0.192
0
0
0
0
0
0
0
0
0
0
0.896
-0.00800037
0.232
-0.00800014
-0.00800061
0.376
-0.0240006
-0.0240006
-0.0240006
-0.0240006
-0.0240006
-0.0320006
0
0
0
0
-5.96046e-07
0.944
0
0
0.968
0
0
0
0
0
0
0
0
0
0
0
0
0
0
0
0
0
0
0
0
0
0
0
0
0
0
0
0
0
0
0
0
0
0
0
0
0
0
0
0
0
0
0
0.952001
0
0
0
0
0
0
0
0
0
0
0
0
0
0
0
0.936
0
0
0
0
0
0
0
0
0
0
0
0
0
0
0
0
0
0
0
0
0
0
0
0
0
0
0
0
0
0
0
0
0
0
0
0
0
0
0
0
0
0
0
0
0
0
0
0
0
0
0
0
0
0
0
0
0
0
0
0
0
0
0
0
0
0
0
0
0
0
0
0
0
0
0
0
0
0
0
0
0
0
0
0
0
0
0
0
0
0
0
0
0
0
0
